$ANSIBLE_VAULT;1.1;AES256
39393765373035626138373736363935343737363962393532366466346239333164653634646631
6565313135383963363536313032326238326436323431620a323834393663613133383662346562
39396162613464666466373961363361646634386263656434633238353438356633393139643136
3065313138623436620a353234373262323865623862343035306465626465323433353636353361
32393965313261656239623563326430623766653335356261306430363435316636643262653333
37383139363935623764353233623834616162376530306664616162333364353731303461623461
30343938643434353932316464626633316338353433643836626639396631376132663261663234
30356336663163316563373534383339383730616233343532326232313562613163396535633663
39633133643862626661656436393830633563303734386230653130616530636131313731343766
36303961633134353831306130333361663836363763636538363463663434376435353735356363
64613534373531363737356133633761336565343137323435366339346462353762343933336539
33346430396466343838623765336335396231383832353662313562663536353464333238366138
36383133623135333136396561323365623630393934303064666662633464326466613663643237
34383230616161333761653164653239343438613135396261646236373631653162323362316434
65383133653337373537333437346134663665353864343363643537396333383531393939376331
35373436336165666239383635663030366264333432323965353165333065363635303761393434
63643730623935646334393935313463613139663664626162633732656631346663363633396337
36653535313361363836646230666137356336343232326238336364633662613661306133363262
38353665626332366339323964613631323635393432653939666638383133303336393963313938
36366566383265623830383833646330306630393766363866363132396231623131393362316137
34333866333966663135303536656139383665373263343431646434633134656664646265633836
33313764646162333661346264333434353066393663323166396563303339343064303538653231
30663639323365633931396439313037306566613065613432306661356430636661343264653962
31626532303234613862663936373738383766323838663064353336356431626564653834653837
32376665636636326665633262366632613330386337623339626537323930333637
