$ANSIBLE_VAULT;1.1;AES256
61333634336230373534343838646161306364643963323862643061393535633934356432326366
6439643432363639396434363832643735313536353066310a376166323764393032653463373536
65633731383530653335376131383861656566333366373830663362656237623031663233636363
6362643162613431620a396332643266623339326665333165613833356162336462313764353838
30663439373763313765363562633437333438336137633230323135313164366661643166373761
65646362396235373435643135626164666533613139383661383933386262663762316539383233
65363964356236656531623439346533303365376435333039353937373165343563316666306237
61373561353739616636653830366661346235653266626132353435383561333565613663383438
62373832623035303535613235316536616463643365653732333132346536303838643932666337
61643831336137646338393332626265636664353963366534396333303666303266626438373832
65663662383133626437386566313765623138393734313431373563353138633566626537653634
35346439363931383264393036326138306661666466313836383266333431343839303836356237
63613738333632623361653937313766373666646439356566393162303232373261363630353866
63623064356365623938666432363838343736613532313832303039346138313434653636633366
34303866303363323037306361626133363536373033373537653532643434646630376362356165
36323030306533336536653266646566613462356432356235383333303431363137663061336436
63303362626532666434663634636664666662383238303961623563313838323661663939323335
63343233336134643939623539383866353739353336646136343464333462343863313762376236
39346438393130356538376336663237623266323237373739393531646134376334376439333935
34626362323739643635353036663539353436306438333233363631373934326263373639336362
36346330643231633335616130663261613230376631613263613133343832326130356264346565
31356433326663343036653165353533393866623961313735396339656463343330333565633366
61666335373838323363646566663262613031623335373338663339313761306234623162323062
38646530633033656536343262346431313033616637323634653431363334633133316335633163
37333536623965396661633366646166383062383635343134333430663231316430
