$ANSIBLE_VAULT;1.1;AES256
66633235393564396430363537366231373264386135613430663461666431336239663931313236
3835376362396464623035376135646465666239346135310a393065356663343663616361646339
37306131653161636135376532336431373464636333633433336530303262373038656437306431
3336613364663765390a383936353439353732333032383638316266656233376634336135316238
63623933333830373363633764663264376534393864656362616664363133366430646132643135
38356434393635396234373235376466336336633733633062613862383735613966643439613066
35366432643364313162346432393833353439306239323831616336396338373139346464363163
39666362623731383661623562303833386534383336366630323964373039663362356231363266
64303763326163643435336164353836306564363463633163643234623438643739383862613437
34346362326666356431336466646262383337616164653464626139666535323061666663373033
32306636626463366366643435343231383538626639646162653336343839643366336639383663
34383564623438646262366634336362636532363037326339663964623630343331396561323866
62623831653137666237373562366261376531633536396234653530303639323030666366373065
32366563356638373634343336353962373637393439333464656436353530376132396630326235
34383831343665343463356532316335666137383839366430306235333539393164313131376461
61363062353635333437633130353766366662356466326132373964613030656264663139323939
35353065336535613061373339613361373363373663316131303065376637303865656430356532
31653262613137363430386663343235383861343464666133396232363433393935616464633132
32303361373163663830373033353238616632386361653933623231306230373932613137623434
66343464366161303430633635616433653337653735653431343765663838636137646334626539
64373333363936616437323739653462623832373435653961396366366538306136643562303735
64303435393433333734373437386561346136363539623434386639313361326336313765663738
35353962636162366262613561363965653632303033393234383665346639656630666139303863
38363263396531666630313333363831663935363263393037326536386230626163376561363032
66623266623463616634363932373135366465343633363134333736383639363933
